195 0.009965897
363 0.016960859
475 0.030836821
531 0.030889034
559 0.036018133
559 0.032971859
559 0.036695004
587 0.038866043
727 0.058206081
741 0.055245876
797 0.052936077
797 0.060745955
825 0.091587067
853 0.063793182
881 0.067800045
1007 0.12893796
1203 0.154087067
1231 0.239719868
1259 0.1410501
1455 0.208034992
1511 0.282371998
1665 0.265301943
1931 0.383149147
1959 0.369116068
2113 0.447533846
2169 0.384592056
2169 0.349133968
2225 0.563570023
2631 0.737762928
2841 0.78277421
3443 0.874434948
3499 0.849735975
3611 1.137228966
3695 1.247817993
3737 1.133934021
3821 1.064033031
4017 1.044487
4199 1.352973938
4255 1.157093048
4297 1.31545496
4353 1.278219938
4815 1.288369894
5081 1.504528999
5193 1.687309027
5403 1.764263868
5529 1.706311941
5949 2.054858923
6313 2.363270998
6481 2.053988934
6537 2.277183056
6817 2.097368002
6873 2.061139822
6915 2.319621801
7069 2.241123915
7195 2.592539072
7461 2.509759188
7825 2.695285082
7923 3.463463068
7937 3.326355934
7937 3.138252974
8035 2.904639006
8119 2.806823015
8175 3.180325985
8259 3.39033699
8595 2.810724974
8833 3.716089964
8847 3.166600943
9253 3.885144949
9337 3.543079853
9379 3.804416895
9435 3.815130949
9505 3.317197084
9659 3.466331005
9715 3.847062111
9827 4.40467
10247 4.132269144
10555 4.56426692
10765 4.689164162
11003 4.213551998
11045 4.513400078
11143 4.657151937
11143 5.519304991
11227 4.887683153
11227 5.569746971
11437 5.316824913
11591 5.099507093
11843 4.817054033
11927 5.20993495
12151 5.532496929
12151 5.602085114
12165 5.257105112
12767 5.66087079
12809 6.98654604
12809 5.727396965
12963 6.011528969
12963 6.049049854
12963 6.100866079
13271 5.976181984
13341 6.219614983
13649 6.435267925
13691 6.457504034
13943 5.697609901
14209 8.061588049
14307 7.743669987
14531 7.848916054
15119 7.227438927
15175 8.413106918
15245 8.27828002
15413 7.37441206
15511 7.553305864
16015 8.559975863
16141 8.627688885
17345 9.532300949
17555 10.207165003
17709 8.862502098
17821 9.858532906
18325 10.891472101
18549 11.027695894
19347 12.057368994
20943 14.05924201
21125 15.979393005
21839 14.513093948
22021 12.250859976
22035 14.342788935
22189 12.862504959
22511 15.199835062
22539 17.665930033
22833 14.792536974
23043 12.858396053
23085 17.57879591
23337 15.101580143
23421 14.695709944
23743 16.548586845
24331 18.553164959
24877 19.353524923
25087 21.598739147
25115 19.589999914
25115 17.609290838
25339 16.388161898
25479 19.373808861
25591 24.016578913
25815 19.993412018
30323 30.443828106
30323 25.75615406
30365 25.971969128
31023 25.568881035
31485 29.114782095
32311 26.264974117
32829 36.179893017
32913 29.771226883
33221 35.264381886
33837 30.896131039
33893 33.129662991
34047 31.982366085
34201 31.864397049
34845 33.922147989
35419 31.581645966
36539 37.892863989
37435 33.605617046
37505 35.36781311
37645 34.269036055
37743 40.150892019
39759 40.116162062
41327 42.351691961
41621 46.533222914
41901 43.756897926
42055 44.285961866
42111 40.710860968
42503 53.497468948
43217 52.614314079
43217 47.562937975
43581 52.443864107
45191 55.672850847
45219 47.684762955
46143 53.950600863
49447 71.20511198
50217 65.044890881
51001 63.898808956
51211 62.080792904
51211 67.931683064
52121 67.315802813
52233 67.744791985
52569 57.41417098
52905 70.579761982
54487 66.110899925
62327 95.02456212
70573 136.925575972
75221 138.694349051
75585 111.781941891
78007 145.548497915
79939 144.704828024
85273 153.844141006
86309 145.289726973
87583 160.258358955
87961 145.730022907
90621 192.443780899
90621 187.148705006
91167 196.319376945
91167 188.027555943
91167 187.459197044
91167 198.71003294
92007 189.464304209
94261 205.521277905
94359 198.46588397
94359 213.68127203
94359 213.586839914
94359 217.478803873
96781 244.228259087
98013 206.92202878
98139 224.998368025
98139 225.882298946
98139 221.364866972
99707 222.929094076
101275 224.153344154
103011 245.014883995
105167 243.61384511
106945 254.198154926
107967 240.240164042
110123 276.393590927
110123 296.426077127
110235 265.391697168
110571 278.077655792
110571 291.837956905
110571 295.171043873
113189 291.48740387
114225 295.831707001
118341 312.160718918
118341 319.438885927
138123 421.937519073
139103 407.356685162
142757 376.34303689
156169 503.167672157
159949 661.585832119
162889 543.456578016
166403 609.209708929
169763 548.513518095
172479 597.271031141
179997 560.824641943
186451 596.644021034
192891 709.594863892
211119 796.727443933
223719 780.144474983
268183 1007.42525697
269555 1031.22168612
278585 976.009361029
358595 1392.56058502
489775 1733.69784021
565571 2307.71565294
