195 0.003180981
363 0.006505013
475 0.016354084
531 0.009494066
559 0.011656046
559 0.011857986
559 0.018327951
587 0.010837078
727 0.021771908
741 0.016335011
797 0.014254808
797 0.021940947
825 0.025911093
853 0.028009176
881 0.024514914
1007 0.047554016
1203 0.043720961
1231 0.055295944
1259 0.042528868
1455 0.053640127
1511 0.051337004
1665 0.046502113
1931 0.09905386
1959 0.072544098
2113 0.08148694
2169 0.084990978
2169 0.076370001
2225 0.107712984
2631 0.076764107
2841 0.076697111
3443 0.083994865
3499 0.09617281
3611 0.155180931
3695 0.128872871
3737 0.100009918
3821 0.128422022
4017 0.134974003
4199 0.14004302
4255 0.096651077
4297 0.104370117
4353 0.094607115
4815 0.117074013
5081 0.145190954
5193 0.191604137
5403 0.164335966
5529 0.165801048
5949 0.197937965
6313 0.182522058
6481 0.153529882
6537 0.191465855
6817 0.20151782
6873 0.143083096
6915 0.202286005
7069 0.226300955
7195 0.243121862
7461 0.209598064
7825 0.22933507
7923 0.232432127
7937 0.246417999
7937 0.385301113
8035 0.250810862
8119 0.256042957
8175 0.279978037
8259 0.248842001
8595 0.221739054
8833 0.307122946
8847 0.263381958
9253 0.252876043
9337 0.232968092
9379 0.288805962
9435 0.250736952
9505 0.236055851
9659 0.300474167
9715 0.280215025
9827 0.462611914
10247 0.290653944
10555 0.386406898
10765 0.265455008
11003 0.39616704
11045 0.404780865
11143 0.437829971
11143 0.497539997
11227 0.398752928
11227 0.425404072
11437 0.344307899
11591 0.318272114
11843 0.389197111
11927 0.383154869
12151 0.469348907
12151 0.516550064
12165 0.444867849
12767 0.432148933
12809 0.4932549
12809 0.507008076
12963 0.353832006
12963 0.415338993
12963 0.380510092
13271 0.509679794
13341 0.433666945
13649 0.375477076
13691 0.3603549
13943 0.377739906
14209 0.539433956
14307 0.464964867
14531 0.532263994
15119 0.477280855
15175 0.573574066
15245 0.48824501
15413 0.489928007
15511 0.395412922
16015 0.535923004
16141 0.558824062
17345 0.685162067
17555 0.642635107
17709 0.555875778
17821 0.528802872
18325 0.73355794
18549 0.737737894
19347 0.833741188
20943 0.895550013
21125 0.870963812
21839 0.868398905
22021 0.590864182
22035 0.760633945
22189 0.643805027
22511 0.887485981
22539 0.88037014
22833 0.925178051
23043 0.583257914
23085 0.986181021
23337 0.678270102
23421 0.650732994
23743 0.993590117
24331 0.799906015
24877 1.507782221
25087 1.241014004
25115 1.02910018
25115 0.715426922
25339 0.835683823
25479 0.9726789
25591 1.274335861
25815 0.997004986
30323 1.435122013
30323 1.34126687
30365 0.997267008
31023 1.276582003
31485 1.707304001
32311 1.480415821
32829 1.941614151
32913 1.31023097
33221 1.921640158
33837 1.4912889
33893 1.722651005
34047 1.458219051
34201 2.381621838
34845 1.511501789
35419 1.20044899
36539 1.687467098
37435 1.096039057
37505 1.526614904
37645 1.415428877
37743 1.463624001
39759 1.574645996
41327 1.854279995
41621 1.94174695
41901 1.766885996
42055 2.053740978
42111 1.656702042
42503 2.809584141
43217 2.760241032
43217 2.079179049
43581 2.198513985
45191 2.493575811
45219 2.192691088
46143 2.608185053
49447 2.662621021
50217 2.747683048
51001 2.023216009
51211 2.148742914
51211 3.795324802
52121 2.234419823
52233 2.91296792
52569 2.050601006
52905 2.655493975
54487 2.267085075
62327 4.139726162
70573 6.035437107
75221 5.100805044
75585 3.254351139
78007 5.398361921
79939 3.945328951
85273 4.487846851
86309 4.495713949
87583 4.060080051
87961 3.599196911
90621 7.918342113
90621 6.541260004
91167 6.791365147
91167 6.346584082
91167 6.84562397
91167 6.041960001
92007 7.01474905
94261 8.024390936
94359 5.941128969
94359 6.774405956
94359 8.93270278
94359 6.309586048
96781 7.953467131
98013 6.659693956
98139 7.336236954
98139 6.367424965
98139 6.751707077
99707 6.148695946
101275 5.456662893
103011 7.008772135
105167 6.041465044
106945 9.709406137
107967 5.175282001
110123 7.046835184
110123 8.025939941
110235 7.638005018
110571 7.124631882
110571 8.201653004
110571 8.24571085
113189 8.781286001
114225 8.055385113
118341 9.359655857
118341 8.918844938
138123 10.849396944
139103 15.493541956
142757 7.508599997
156169 13.863750219
159949 19.190361023
162889 10.534571886
166403 15.955022097
169763 15.016769886
172479 11.060156107
179997 10.464228868
186451 18.010170937
192891 10.232282877
211119 12.965487957
223719 11.54757905
268183 15.149315119
269555 13.135783911
278585 12.16602087
358595 15.610732079
489775 15.986520052
565571 22.316735983
