195 0.024283171
363 0.073448896
475 0.171171904
531 0.169414043
559 0.209887981
559 0.157021999
559 0.198097944
587 0.207729101
727 0.291260958
741 0.341208935
797 0.293027878
797 0.326614141
825 0.300585032
853 0.355836153
881 0.385083914
1007 0.395474911
1203 0.517548084
1231 0.456078053
1259 0.616566181
1455 0.520944118
1511 0.628008842
1665 0.631000042
1931 0.939259768
1959 0.874794006
2113 1.141154051
2169 1.109223843
2169 1.102440119
2225 1.323306799
2631 1.548930883
2841 2.075639963
3443 2.401310205
3499 2.799761057
3611 2.645279884
3695 2.808256865
3737 3.136857033
3821 2.96669507
4017 2.925533056
4199 3.999153852
4255 3.732379913
4297 3.830466986
4353 4.112653017
4815 5.41593504
5081 5.756505966
5193 6.699107885
5403 5.918987989
5529 6.454809904
5949 7.335760832
6313 7.701848984
6481 6.92250514
6537 8.344289064
6817 9.515149117
6873 8.159825087
6915 8.720392942
7069 9.756617069
7195 9.513869047
7461 10.624861002
7825 10.357244015
7923 12.882559061
7937 12.365246058
7937 11.158768892
8035 11.067726135
8119 11.502836227
8175 12.445605993
8259 14.82247591
8595 12.599225044
8833 14.93847394
8847 13.622243166
9253 14.716485023
9337 13.549245119
9379 16.759785891
9435 14.541068077
9505 16.876647949
9659 15.795382977
9715 16.478176117
9827 20.868681192
10247 18.472970963
10555 19.621095896
10765 20.034505129
11003 18.796365976
11045 22.592911005
11143 22.757090092
11143 21.328675985
11227 21.479056835
11227 22.400506973
11437 25.732697964
11591 21.315780163
11843 24.476122141
11927 22.257932901
12151 24.304360151
12151 24.702743053
12165 25.317293882
12767 26.686465979
12809 29.186137199
12809 27.422201157
12963 27.205186129
12963 27.204892159
12963 26.35315299
13271 27.45736289
13341 29.122756958
13649 31.862308025
13691 28.734003782
13943 28.837589979
14209 36.664585114
14307 34.783085823
14531 34.939657927
15119 35.238923073
15175 36.68183589
15245 38.093976974
15413 33.44913888
15511 38.291276217
16015 42.456434965
16141 40.256676197
17345 52.037629128
17555 53.996421099
17709 48.280184031
17821 45.914800882
18325 53.671617985
18549 54.146548986
19347 53.528023958
20943 75.674157858
21125 70.225769043
21839 75.350725174
22021 66.853337049
22035 70.90811801
22189 67.180243969
22511 88.549127102
22539 81.115470886
22833 80.991250992
23043 69.206242085
23085 87.381305933
23337 82.45227313
23421 82.968754053
23743 83.114593983
24331 88.531678915
24877 100.401774883
25087 134.242701054
25115 102.99951005
25115 90.377258062
25339 94.130679131
25479 100.447535992
25591 124.106622934
25815 107.294388056
30323 159.074286938
30323 157.775551081
30365 140.373275042
31023 155.508558035
31485 148.96952796
32311 152.53050518
32829 166.06669116
32913 163.508323908
33221 193.737202883
33837 183.756979227
33893 171.144395828
34047 195.05692482
34201 175.223506927
34845 190.042510986
35419 184.326086044
36539 201.054099083
37435 205.913087845
37505 206.684443951
37645 222.370294094
37743 211.914671898
39759 223.866959095
41327 265.006433964
41621 252.282473087
41901 236.243556023
42055 236.120480061
42111 253.861931086
42503 250.461218834
43217 273.208830833
43217 269.217411041
43581 279.956330061
45191 330.771130085
45219 291.684019804
46143 283.618462086
49447 334.795860052
50217 328.256720066
51001 368.999125004
51211 343.018224955
51211 368.194144011
52121 358.350852966
52233 369.262334824
52569 291.646317959
52905 395.006793022
54487 367.931999207
62327 508.416918993
70573 629.480803013
75221 653.635046005
75585 628.721115112
78007 626.661948919
79939 631.320918083
85273 694.908262014
86309 703.440752029
87583 720.820158958
87961 621.787435055
90621 729.369151831
90621 795.328116894
91167 768.375849962
91167 798.29963398
91167 838.958782911
91167 705.053172827
92007 748.930812836
94261 784.822463989
94359 794.465379953
94359 818.973366022
94359 861.81357193
94359 746.647326946
96781 767.274265051
98013 748.009420872
98139 752.214498043
98139 807.577445984
98139 832.253648043
99707 789.246171951
101275 894.010559082
103011 881.585540056
105167 802.527732849
106945 958.435341835
107967 927.78708601
110123 852.362444878
110123 880.361195087
110235 1007.14418292
110571 914.425733805
110571 953.159628868
110571 882.22222209
113189 939.083346844
114225 970.312736034
118341 1017.66985393
118341 1010.72428298
138123 1116.90496516
139103 1126.84863186
142757 1268.00584292
156169 1535.038764
159949 1757.28621006
162889 1646.55690908
166403 1730.42243314
169763 1582.51235509
172479 1876.27788878
179997 2005.10892797
186451 1930.52115607
192891 2185.9942162
211119 2370.92929721
223719 2616.41894984
268183 3480.19927096
269555 3373.05456686
278585 3578.64128494
358595 5853.00476599
489775 9486.6148088
565571 12864.5840731
