195 0.005937099
363 0.016362906
475 0.033496857
531 0.023930073
559 0.036593914
559 0.021676064
559 0.034300089
587 0.03621006
727 0.050315142
741 0.054073811
797 0.024170876
797 0.041097879
825 0.029534101
853 0.044936895
881 0.030553102
1007 0.066503048
1203 0.057461023
1231 0.049757957
1259 0.064279079
1455 0.052443027
1511 0.062826872
1665 0.068590879
1931 0.082084179
1959 0.081856966
2113 0.091100931
2169 0.109266043
2169 0.137933969
2225 0.100727081
2631 0.104146957
2841 0.183362961
3443 0.151297092
3499 0.180711031
3611 0.19848609
3695 0.153326035
3737 0.190990925
3821 0.17044282
4017 0.181613922
4199 0.211409092
4255 0.181919098
4297 0.294081926
4353 0.252736092
4815 0.21232295
5081 0.296283007
5193 0.299260139
5403 0.408180952
5529 0.316461086
5949 0.424980164
6313 0.347410917
6481 0.279788017
6537 0.371069908
6817 0.430698872
6873 0.358124971
6915 0.400649786
7069 0.431112051
7195 0.349344015
7461 0.363305092
7825 0.450152874
7923 0.439810038
7937 0.463908195
7937 0.499654055
8035 0.440446138
8119 0.489008904
8175 0.537611961
8259 0.519126892
8595 0.40541482
8833 0.542289019
8847 0.546777964
9253 0.491993189
9337 0.46331501
9379 0.564899921
9435 0.501097918
9505 0.549732924
9659 0.54629302
9715 0.571518898
9827 0.757544041
10247 0.694612026
10555 0.673496008
10765 0.600135803
11003 0.761063099
11045 0.938885927
11143 0.81866312
11143 0.784133911
11227 0.766658068
11227 0.838799
11437 0.685723066
11591 0.623006105
11843 0.759104013
11927 0.721915007
12151 1.093753815
12151 0.851075172
12165 0.813813925
12767 1.071738005
12809 0.927134991
12809 0.883056164
12963 0.743426085
12963 0.875798941
12963 0.711801052
13271 0.885525942
13341 0.988389015
13649 0.818528891
13691 0.664968014
13943 0.737468004
14209 1.087676048
14307 0.920638084
14531 1.022804976
15119 1.039311171
15175 1.19934392
15245 1.020210981
15413 0.849617958
15511 1.09335804
16015 0.928863049
16141 1.051213026
17345 1.445961952
17555 1.552382946
17709 1.348602057
17821 1.128284216
18325 1.575443983
18549 1.289219141
19347 1.672879934
20943 1.934378147
21125 1.891227961
21839 1.530919075
22021 1.291124105
22035 1.770395994
22189 1.291711092
22511 1.972018003
22539 1.690233946
22833 2.009925127
23043 1.536617041
23085 2.041836023
23337 1.3797369
23421 1.616183996
23743 2.061003923
24331 1.613745213
24877 2.417332888
25087 2.265782833
25115 3.011587143
25115 1.602010965
25339 1.494484901
25479 2.015307903
25591 2.63094902
25815 2.358937025
30323 2.917036057
30323 3.600442171
30365 2.021356106
31023 2.354837894
31485 3.358165026
32311 2.452600002
32829 3.235759974
32913 2.770685911
33221 3.9388659
33837 3.115656137
33893 3.040458202
34047 3.281108856
34201 4.172785044
34845 3.334398031
35419 3.136146069
36539 3.675275087
37435 2.409107924
37505 3.208511829
37645 2.909781933
37743 3.170676947
39759 3.117817879
41327 4.208008051
41621 4.00634408
41901 3.712421179
42055 3.838712931
42111 3.422378063
42503 4.556997061
43217 4.262678862
43217 4.38408494
43581 3.713892937
45191 6.277318954
45219 4.881175995
46143 4.779379845
49447 4.5530231
50217 5.421860933
51001 4.048387766
51211 4.398766041
51211 6.726845026
52121 3.998811007
52233 9.829850912
52569 4.447715998
52905 7.252763033
54487 4.413339138
62327 5.293729067
70573 5.979318142
75221 7.165442944
75585 4.341474056
78007 5.663068056
79939 4.648229122
85273 8.007462978
86309 6.607502937
87583 5.286243916
87961 4.052817106
90621 10.214715004
90621 7.539129019
91167 7.980792046
91167 7.654175043
91167 6.284815073
91167 6.483289003
92007 6.347380161
94261 7.272350788
94359 7.16728282
94359 10.473800898
94359 7.327301025
94359 6.750852108
96781 7.606961966
98013 4.813685179
98139 7.292073011
98139 7.253422022
98139 7.913120031
99707 5.145786047
101275 5.777998209
103011 9.356062174
105167 6.469829082
106945 10.380897999
107967 5.090693951
110123 7.42234993
110123 7.449813843
110235 8.201020002
110571 7.743263006
110571 8.671917915
110571 7.388123989
113189 9.196521997
114225 8.701992035
118341 9.345517159
118341 9.731054068
138123 16.7488451
139103 10.278940916
142757 7.893865108
156169 12.61037302
159949 16.603527069
162889 11.35887599
166403 15.133551121
169763 11.915894985
172479 13.792248011
179997 10.455310106
186451 15.884922028
192891 11.250562906
211119 13.813740015
223719 11.733781099
268183 15.35923481
269555 14.429514885
278585 13.602252007
358595 21.350503922
489775 22.17027092
565571 31.42292285
