195 0.054850817
363 0.113139868
475 0.223448992
531 0.212647915
559 0.249339104
559 0.160783768
559 0.272783995
587 0.265578032
727 0.382817984
741 0.299663067
797 0.250236034
797 0.326622963
825 0.288947105
853 0.441745043
881 0.309047937
1007 0.441722155
1203 0.619575977
1231 0.653127909
1259 0.530535936
1455 0.688521862
1511 0.763777018
1665 0.881937027
1931 1.146816969
1959 1.180864096
2113 1.533964157
2169 1.546270132
2169 1.272357941
2225 1.630851984
2631 2.108067036
2841 2.314615965
3443 2.930171013
3499 3.970085859
3611 3.87540102
3695 4.012807846
3737 4.202774048
3821 3.648000002
4017 3.972949982
4199 5.012997866
4255 4.625052929
4297 4.738252878
4353 5.993948936
4815 5.973859787
5081 6.801805019
5193 8.505834103
5403 8.771086931
5529 8.202877998
5949 10.991197824
6313 10.635862112
6481 11.149801016
6537 11.695033789
6817 13.622264862
6873 11.147746086
6915 14.193606138
7069 12.482580185
7195 13.170314074
7461 14.806587219
7825 15.818116903
7923 16.610575199
7937 17.399472952
7937 16.301383972
8035 16.445844889
8119 17.396156073
8175 17.019644976
8259 18.881372929
8595 16.519044161
8833 19.606571913
8847 19.235743999
9253 20.971231222
9337 18.626417875
9379 20.452486992
9435 21.960449934
9505 24.989578009
9659 20.885687113
9715 23.476067066
9827 24.585708141
10247 24.871421099
10555 27.237891912
10765 27.539359093
11003 25.262197971
11045 28.202059984
11143 28.075463057
11143 29.725411177
11227 29.563879013
11227 31.391103983
11437 30.881042004
11591 28.690162897
11843 35.070719957
11927 31.500281096
12151 34.957305193
12151 32.061960936
12165 33.730935097
12767 37.087876081
12809 40.608114004
12809 39.844470024
12963 44.423835993
12963 39.111850023
12963 43.285130024
13271 38.650581121
13341 44.600455046
13649 45.129897833
13691 38.445533037
13943 40.962860107
14209 47.580848217
14307 49.103979111
14531 56.385320902
15119 50.674122095
15175 60.248860121
15245 51.842192888
15413 45.51582098
15511 59.624628067
16015 59.487480879
16141 60.701132059
17345 70.158291101
17555 68.872946978
17709 66.198252916
17821 64.90068984
18325 72.247037888
18549 80.098415136
19347 90.286952972
20943 106.316507101
21125 106.368803978
21839 112.143338919
22021 92.132070065
22035 110.269829988
22189 106.668071985
22511 121.747756004
22539 122.002638817
22833 115.670974016
23043 114.148440838
23085 132.234502077
23337 112.741006851
23421 118.132286072
23743 118.633584023
24331 126.969789028
24877 159.951112032
25087 160.321598053
25115 142.673789024
25115 131.011749029
25339 127.000790119
25479 137.365155935
25591 177.496948957
25815 139.946053982
30323 186.862341166
30323 182.738756895
30365 182.571166039
31023 201.379519939
31485 212.859631062
32311 221.032621861
32829 218.842845201
32913 213.360049009
33221 229.268165827
33837 230.785160065
33893 253.767778158
34047 253.987514019
34201 220.059943914
34845 237.282982826
35419 257.507639885
36539 283.881917
37435 272.676043987
37505 267.883476019
37645 259.451270819
37743 280.998025179
39759 347.424008846
41327 327.844662905
41621 359.883773804
41901 324.436969042
42055 342.235370159
42111 339.072022915
42503 332.363440037
43217 380.636477947
43217 374.633387089
43581 358.112884998
45191 402.951008081
45219 370.713532925
46143 374.39789319
49447 450.099591017
50217 458.305758953
51001 451.904528141
51211 435.808128834
51211 427.406068802
52121 437.588110209
52233 465.957787991
52569 419.010731936
52905 468.888212204
54487 423.906269073
62327 505.631793022
70573 684.749246836
75221 726.167504072
75585 586.712659121
78007 713.001829147
79939 649.160754919
85273 766.695477962
86309 839.341681004
87583 645.75089407
87961 685.733844995
90621 778.672346115
90621 817.290595055
91167 798.331792116
91167 948.408929825
91167 724.481697083
91167 770.560545921
92007 839.871556997
94261 821.779744148
94359 855.25187397
94359 897.842005968
94359 834.88966608
94359 784.435872078
96781 904.621287823
98013 788.827153921
98139 914.723223925
98139 913.97258997
98139 865.605906963
99707 876.266129971
101275 894.619940042
103011 967.368466854
105167 950.948067904
106945 1001.48394608
107967 972.16763711
110123 1050.08100319
110123 1063.67062497
110235 1059.04728103
110571 1148.86437511
110571 1176.31507587
110571 1055.69608784
113189 1014.69590092
114225 1120.97683001
118341 1265.16456413
118341 1286.82746387
138123 1508.23294306
139103 1553.65780306
142757 1547.80450702
156169 1754.03236198
159949 2068.81992412
162889 2049.20868492
166403 2123.16219521
169763 2133.16152692
172479 2403.48543191
179997 2376.70240498
186451 2307.72548795
192891 2526.93736982
211119 2931.63505602
223719 3241.36898685
268183 4636.78626108
269555 4257.86311197
278585 4714.09263587
358595 8141.5159142
489775 13576.94065
