195 0.066709042
363 0.091578007
475 0.180728912
531 0.231349945
559 0.230296135
559 0.195452929
559 0.216022968
587 0.307482958
727 0.401418924
741 0.292328835
797 0.336836815
797 0.352964878
825 0.560509205
853 0.441534042
881 0.355535984
1007 0.570680857
1203 0.699789047
1231 0.771801949
1259 0.613592863
1455 0.843191862
1511 1.000243902
1665 1.271918058
1931 1.279879093
1959 1.661110163
2113 1.969423056
2169 1.999238968
2169 1.973608017
2225 2.145345211
2631 2.625530005
2841 2.901432037
3443 3.592978001
3499 4.173702002
3611 4.337023973
3695 5.122016907
3737 5.921482086
3821 4.553826094
4017 5.582828999
4199 6.344384193
4255 6.196111202
4297 5.913328886
4353 6.392807961
4815 7.640861988
5081 8.672354937
5193 10.633324862
5403 10.340440989
5529 11.644331932
5949 12.837744951
6313 14.243431091
6481 13.251158953
6537 13.553666115
6817 14.510531902
6873 14.17417407
6915 18.22438097
7069 18.137521982
7195 17.714061975
7461 17.158331156
7825 20.085649967
7923 23.178109884
7937 25.65388608
7937 20.726097822
8035 21.838708878
8119 21.866950035
8175 21.412384033
8259 23.626087904
8595 23.511811972
8833 25.375512838
8847 24.71559
9253 25.718160152
9337 27.100409031
9379 31.213083029
9435 32.459393978
9505 32.339208126
9659 30.193668842
9715 31.378632069
9827 36.367833853
10247 33.503038883
10555 37.89272213
10765 37.430233955
11003 31.30856514
11045 38.524271011
11143 37.182483912
11143 35.910281181
11227 42.126241922
11227 43.179620981
11437 37.040407181
11591 38.050162077
11843 47.589730978
11927 43.341027975
12151 39.83302021
12151 39.22060585
12165 43.541915894
12767 48.666517973
12809 52.292994976
12809 46.644477129
12963 56.565037012
12963 45.799776077
12963 48.185209036
13271 49.134074926
13341 47.883250952
13649 58.610713959
13691 50.45807004
13943 54.684937954
14209 64.939222097
14307 55.66321516
14531 65.174124956
15119 65.210053921
15175 73.606287956
15245 81.069658995
15413 80.484727859
15511 66.883110046
16015 77.270168066
16141 80.291659117
17345 89.202386856
17555 87.144328117
17709 92.126895905
17821 85.101134062
18325 106.53173995
18549 101.003334045
19347 119.186442852
20943 135.223193884
21125 153.192775011
21839 131.500135899
22021 122.121423006
22035 151.879849911
22189 131.214670897
22511 152.569013834
22539 158.418348074
22833 137.005691051
23043 141.689038992
23085 155.730532169
23337 153.899749041
23421 135.848874092
23743 166.938615799
24331 147.200248003
24877 169.561074972
25087 197.033017874
25115 175.327409029
25115 174.306092024
25339 158.143223047
25479 172.228763819
25591 202.144200087
25815 170.280884027
30323 236.395002127
30323 224.997783899
30365 269.439851046
31023 227.854712009
31485 263.279500008
32311 271.563524008
32829 276.81449914
32913 277.201184988
33221 300.232450962
33837 305.895121813
33893 302.403603077
34047 287.029613018
34201 291.21490097
34845 305.27144599
35419 285.309067011
36539 332.457808971
37435 331.562798023
37505 304.053793907
37645 316.441298008
37743 332.764816999
39759 333.881314039
41327 386.882894039
41621 349.092530012
41901 374.292124987
42055 349.539398909
42111 373.20887804
42503 404.562062025
43217 336.437871933
43217 361.779453039
43581 436.744028091
45191 379.330543041
45219 387.919193029
46143 357.307253122
49447 435.282073975
50217 417.516752005
51001 444.499569178
51211 448.827208996
51211 403.41061306
52121 394.460318804
52233 478.901448965
52569 401.835694075
52905 473.348254204
54487 480.206198931
62327 523.022971869
70573 690.418581009
75221 723.042800903
75585 574.70342207
78007 688.213469982
79939 810.341472864
85273 946.40373683
86309 851.618000984
87583 865.506550074
87961 797.747272968
90621 918.877810001
90621 932.840291977
91167 946.771194935
91167 988.982647896
91167 912.935966969
91167 908.620798826
92007 999.257199049
94261 1081.89657092
94359 999.962586164
94359 1055.64527917
94359 1008.58531594
94359 958.448103905
96781 1227.58104301
98013 1065.0243361
98139 1068.05427885
98139 1093.33815599
98139 1111.81200194
99707 1080.93268013
101275 1188.85124922
103011 1259.82748413
105167 1151.7395761
106945 1272.74680996
107967 1345.88924193
110123 1335.87083697
110123 1317.04195404
110235 1286.610291
110571 1347.60099888
110571 1348.02769899
110571 1285.209975
113189 1262.62987995
114225 1353.26178503
118341 1501.30640888
118341 1462.08132911
138123 1707.77833319
139103 1693.49350214
142757 1907.44341612
156169 1988.81139708
159949 2263.78533077
162889 2251.62094784
166403 2491.68947601
169763 2345.71832299
172479 2657.47724199
179997 2805.30544186
186451 2925.34247208
192891 3249.201051
211119 3592.285079
223719 4150.97374702
268183 5577.30090904
269555 5412.38690901
278585 6032.847368
358595 10633.983876
