195 0.013591051
363 0.017133951
475 0.02603507
531 0.020247936
559 0.029444933
559 0.028354883
559 0.03518796
587 0.047244072
727 0.044309855
741 0.03443408
797 0.033553123
797 0.038794041
825 0.049243927
853 0.039057016
881 0.038599014
1007 0.069770098
1203 0.05519104
1231 0.067615986
1259 0.048887968
1455 0.072168827
1511 0.083320141
1665 0.138435125
1931 0.109506845
1959 0.104983807
2113 0.111434937
2169 0.141139984
2169 0.106040955
2225 0.115731955
2631 0.129022837
2841 0.148224115
3443 0.181173801
3499 0.237443924
3611 0.209056854
3695 0.236948967
3737 0.371693134
3821 0.207165956
4017 0.26935482
4199 0.269407988
4255 0.241672993
4297 0.24050498
4353 0.248792887
4815 0.286881208
5081 0.370187998
5193 0.372064829
5403 0.374444008
5529 0.36894393
5949 0.397424936
6313 0.410566092
6481 0.424561024
6537 0.427133083
6817 0.453107119
6873 0.548335075
6915 0.484503031
7069 0.612313032
7195 0.520136118
7461 0.477037907
7825 0.622631073
7923 0.579849005
7937 0.724868774
7937 0.615139961
8035 0.608952999
8119 0.794492006
8175 0.652482986
8259 0.641204119
8595 0.652227163
8833 0.701590061
8847 0.659207821
9253 0.675611019
9337 0.698364019
9379 0.721606016
9435 0.655189037
9505 0.886562109
9659 0.758480072
9715 0.814409018
9827 0.869657993
10247 0.798039913
10555 0.989947081
10765 0.847476006
11003 0.818185091
11045 0.965778112
11143 0.958072901
11143 0.960396051
11227 1.193123102
11227 0.918098927
11437 0.948237896
11591 0.885946035
11843 1.074081182
11927 1.031594038
12151 1.105760098
12151 1.092137098
12165 0.960713148
12767 1.045356035
12809 1.143239021
12809 1.00433898
12963 1.345349073
12963 1.020009995
12963 1.127220869
13271 1.24574995
13341 1.139910936
13649 1.353991032
13691 0.920091867
13943 1.153875113
14209 1.386084795
14307 1.192307949
14531 1.268869877
15119 1.357218981
15175 1.36075592
15245 1.553621054
15413 1.431572199
15511 1.374502897
16015 1.373283863
16141 1.736667871
17345 1.663835049
17555 1.559727192
17709 1.565447807
17821 1.616904974
18325 2.128844976
18549 1.770996094
19347 2.0961411
20943 2.145360947
21125 2.208638906
21839 2.06028986
22021 1.784478188
22035 2.531158924
22189 1.832713842
22511 2.615511894
22539 2.214361906
22833 2.19461298
23043 2.059255838
23085 2.299839973
23337 1.880555868
23421 1.992249966
23743 2.395756006
24331 2.228621006
24877 2.89188695
25087 2.751000881
25115 2.758060932
25115 2.226531982
25339 2.226042032
25479 2.503992796
25591 3.011916876
25815 2.586935043
30323 3.378288031
30323 3.010497093
30365 4.295564175
31023 3.228331089
31485 5.79518199
32311 2.939599991
32829 4.572929859
32913 3.950725079
33221 3.676068068
33837 2.978266954
33893 3.709059
34047 4.247868776
34201 3.788552999
34845 3.306723118
35419 3.153162003
36539 4.155456066
37435 3.921638012
37505 2.832638979
37645 3.156378984
37743 3.375435114
39759 3.368938923
41327 4.544506073
41621 4.77455616
41901 5.00814414
42055 4.659485102
42111 3.63569212
42503 3.981965065
43217 3.324770927
43217 4.746690035
43581 5.116858959
45191 5.581853867
45219 4.170106173
46143 3.546462059
49447 3.983816147
50217 3.864592075
51001 5.334417105
51211 3.298771143
51211 4.882891893
52121 5.609359026
52233 5.698544025
52569 2.871124029
52905 4.051714182
54487 4.463819981
62327 4.749750853
70573 6.753420115
75221 6.916464806
75585 3.876494169
78007 6.246747017
79939 5.40526104
85273 6.567564964
86309 6.113524914
87583 5.303790092
87961 4.672635078
90621 7.613361835
90621 8.140954018
91167 8.507644176
91167 8.16929388
91167 7.640674114
91167 7.231797934
92007 7.22616291
94261 7.842298031
94359 7.941948891
94359 8.384414911
94359 8.365932941
94359 8.06296587
96781 8.461899996
98013 7.86601305
98139 7.591093063
98139 9.099257946
98139 8.811802864
99707 6.721156836
101275 7.863484859
103011 8.480863094
105167 7.101973057
106945 8.764858007
107967 7.041998863
110123 8.625332832
110123 8.608831167
110235 8.704916954
110571 9.229068995
110571 9.856194973
110571 8.586153984
113189 9.080600023
114225 9.055013895
118341 9.926711082
118341 9.567273855
138123 10.849867105
139103 11.03558898
142757 8.048229933
156169 12.804267883
159949 15.127799988
162889 12.252727032
166403 14.793356895
169763 12.092930079
172479 13.853218079
179997 12.76146102
186451 16.06084013
192891 15.842335939
211119 17.674242973
223719 15.054052114
268183 21.726128101
269555 19.503341913
278585 19.1097579
358595 31.655040026
