195 44.137955
363 51.295996
475 115.699053
531 79.187155
559 79.476833
559 79.641104
559 74.934959
587 89.461088
727 93.586206
741 114.212036
797 105.993032
797 150.145054
825 96.752882
853 98.988056
881 118.302107
1007 197.151899
1203 177.850008
1231 212.141037
1259 167.557001
1455 228.56307
1511 220.302105
1665 269.598007
1931 381.262064
1959 287.710905
2113 323.518991
2169 323.894024
2169 435.557842
2225 365.576982
2631 444.762945
2841 505.36108
3443 583.406925
3499 666.442871
3611 637.450933
3695 698.992014
3737 740.591049
3821 650.99597
4017 924.964905
4199 824.193001
4255 697.25585
4297 833.534002
4353 747.214079
4815 1006.220102
5081 951.524019
5193 1149.443865
5403 1114.61401
5529 1144.932985
5949 1346.771002
6313 1281.484127
6481 1438.688993
6537 1309.64303
6817 1456.305981
6873 1153.175116
6915 1798.599005
7069 1723.785162
7195 1494.241953
7461 1361.667156
7825 2252.127886
7923 1764.778852
7937 2089.776039
7937 1903.79405
8035 1831.970215
8119 2364.487886
8175 2125.979185
8259 2039.00218
8595 1661.079168
8833 2155.768871
8847 2108.057976
9253 1941.645861
9337 2062.391043
9379 2307.47509
9435 2037.899971
9505 2060.616016
9659 2391.707897
9715 2242.604017
9827 2421.304941
10247 2514.889956
10555 2977.697134
10765 2475.129128
11003 2789.726973
11045 2935.786009
11143 2926.619053
11143 2942.993164
11227 3097.364902
11227 2996.273994
11437 2763.84902
11591 2832.060814
11843 3469.596863
11927 2983.258009
12151 3462.258101
12151 3459.125996
12165 3384.263992
12767 3058.676004
12809 4114.602804
12809 3283.955812
12963 3476.289034
12963 2993.744135
12963 3818.386078
13271 3662.547112
13341 4160.877943
13649 3419.032097
13691 2504.137993
13943 3848.719835
14209 4099.409819
14307 3576.732159
14531 4156.545162
15119 4303.318024
15175 3874.541044
15245 4620.810986
15413 4265.011072
15511 4121.684074
16015 4095.592022
16141 4331.521988
17345 6290.884018
17555 4662.166834
17709 4637.243986
17821 4426.872969
18325 5409.527063
18549 6103.231192
19347 6410.764933
20943 6398.293972
21125 6126.673937
21839 6982.717991
22021 4449.080944
22035 6807.457924
22189 4574.746847
22511 8246.335983
22539 5991.931915
22833 7372.072935
23043 5710.09016
23085 9147.076845
23337 4895.164967
23421 5449.027061
23743 7473.291159
24331 5613.063097
24877 11790.014029
25087 9557.887077
25115 8394.187927
25115 6133.000851
25339 5706.434011
25479 11044.463873
25591 7683.357
25815 10183.045149
30323 10505.959034
30323 11237.480164
30365 6443.059921
31023 8619.397879
31485 11490.579128
32311 11302.51193
32829 16676.263094
32913 9801.932812
33221 13214.740992
33837 12874.67289
33893 10230.208158
34047 12058.799028
34201 9525.913954
34845 10926.779032
35419 8726.322174
36539 11679.346085
37435 7365.0949
37505 8267.140865
37645 7671.889067
37743 9537.403107
39759 11006.05607
41327 11621.896982
41621 8826.641083
41901 9167.740107
42055 13550.049067
42111 9278.472185
42503 13472.444057
43217 12089.452982
43217 13945.533037
43581 12641.496897
45191 17363.448858
45219 11004.057169
46143 11251.481056
49447 11343.998909
50217 12430.033922
51001 10669.919014
51211 8663.516998
51211 12428.077936
52121 9074.247122
52233 22271.578074
52569 11625.357866
52905 12105.502844
54487 11475.793123
62327 12820.403814
70573 18894.544125
75221 22056.83589
75585 10892.506123
78007 31295.120001
79939 15177.536011
85273 19372.350931
86309 13928.673029
87583 14686.371803
87961 13455.60503
90621 30910.086155
90621 23362.718821
91167 23143.079996
91167 23250.645161
91167 23076.687098
91167 22479.017973
92007 20413.74588
94261 21256.672859
94359 23816.138029
94359 24858.666182
94359 22697.074175
94359 21838.600159
96781 25869.372845
98013 17551.506042
98139 23831.102133
98139 24268.938065
98139 23801.558018
99707 17432.501078
101275 22315.603971
103011 22925.31395
105167 20493.629932
106945 25746.554136
107967 17576.467037
110123 25414.811134
110123 25058.73394
110235 25940.071821
110571 25723.639011
110571 25042.753935
110571 25397.051096
113189 30913.023949
114225 25266.093016
118341 27099.819183
118341 26839.226961
138123 33103.954077
139103 31196.650028
142757 23470.691919
156169 38843.779802
159949 52277.456999
162889 37844.107151
166403 44245.710135
169763 34959.368944
172479 38941.622972
179997 33258.411169
186451 44214.759111
192891 38434.033155
211119 49568.974018
223719 41630.584002
268183 61607.815027
269555 54884.438992
278585 53507.959843
358595 88849.644184
