195 0.041648149
363 0.042424917
475 0.119210005
531 0.076129913
559 0.101332903
559 0.074918032
559 0.107502222
587 0.125916004
727 0.129013062
741 0.150429964
797 0.116775036
797 0.092242956
825 0.174484015
853 0.135768175
881 0.185364962
1007 0.228605032
1203 0.271558046
1231 0.300325155
1259 0.261575937
1455 0.317433119
1511 0.428277016
1665 0.526468039
1931 0.522588015
1959 0.534482002
2113 0.64017415
2169 0.5010221
2169 0.462836981
2225 0.753906965
2631 0.806678057
2841 0.759328127
3443 1.143735886
3499 1.247947931
3611 1.434942961
3695 1.661981821
3737 1.591164827
3821 1.540620089
4017 1.172502041
4199 1.668574095
4255 1.676418066
4297 1.525290012
4353 2.018646002
4815 2.727459192
5081 2.298251152
5193 2.287847996
5403 2.240475893
5529 2.241323948
5949 3.059621096
6313 3.308784008
6481 4.166723013
6537 3.554941893
6817 3.388178825
6873 3.557715893
6915 3.845691919
7069 3.103478193
7195 4.395458221
7461 4.468279123
7825 5.108108997
7923 4.874640942
7937 5.926568985
7937 4.04436779
8035 4.895999908
8119 4.958091021
8175 4.888798952
8259 5.152065039
8595 5.541475773
8833 5.062031984
8847 5.254554987
9253 5.507910967
9337 6.490267992
9379 5.437986851
9435 6.999195099
9505 6.288242817
9659 5.637643814
9715 5.649574041
9827 5.620343924
10247 7.453871012
10555 7.423868179
10765 7.901067972
11003 7.678476095
11045 6.126883984
11143 5.936212063
11143 5.542867899
11227 6.204843998
11227 6.087899923
11437 7.982179165
11591 8.038661003
11843 9.246293068
11927 6.466593981
12151 7.657486916
12151 6.981153965
12165 8.254395962
12767 7.384486914
12809 12.51315999
12809 7.900399923
12963 9.25058198
12963 8.910109997
12963 11.176046848
13271 6.938938141
13341 8.517842054
13649 13.737869978
13691 12.396048069
13943 8.978285074
14209 11.496777058
14307 11.057858944
14531 15.171458006
15119 11.170367002
15175 12.123269081
15245 14.712598801
15413 13.379956007
15511 14.339267015
16015 16.812700987
16141 13.445534945
17345 19.084532976
17555 14.817424059
17709 13.468631983
17821 14.346286058
18325 15.45187521
18549 18.882750988
19347 17.168042898
20943 16.37625289
21125 18.937880039
21839 20.665066957
22021 19.281425953
22035 19.695935011
22189 18.816543102
22511 20.171890974
22539 20.026391029
22833 13.600385904
23043 22.987493992
23085 23.965089798
23337 22.563055992
23421 21.956088066
23743 20.916533947
24331 21.182036877
24877 30.028968811
25087 29.181154013
25115 22.653064966
25115 31.709307909
25339 23.19182992
25479 39.216255188
25591 33.030200005
25815 28.280075073
30323 30.194785833
30323 39.082624912
30365 28.741827011
31023 28.275277138
31485 27.304821014
32311 32.820533991
32829 30.435312033
32913 30.033452988
33221 26.441809177
33837 34.905435801
33893 32.67477107
34047 34.766415834
34201 21.788796186
34845 26.316054106
35419 51.725124836
36539 35.724596977
37435 43.599245071
37505 29.675806046
37645 36.61978507
37743 34.43097806
39759 35.862424135
41327 38.127629042
41621 38.925049067
41901 31.04927206
42055 31.979732037
42111 34.148108006
42503 27.641471863
43217 29.307784081
43217 45.835000992
43581 46.633262157
45191 26.512729168
45219 30.616949081
46143 36.139527798
49447 51.243265867
50217 43.198844194
51001 47.441761017
51211 31.333250046
51211 36.206547022
52121 39.932878971
52233 57.928580999
52569 28.974542856
52905 35.076493979
54487 60.033624887
62327 49.963412046
70573 81.917686939
75221 61.198863029
75585 65.578583002
78007 68.656403065
79939 81.269407034
85273 72.454558849
86309 77.131102085
87583 88.254953146
87961 71.309309006
90621 73.698781967
90621 73.855952024
91167 82.347899914
91167 74.383925915
91167 71.472043037
91167 66.240286827
92007 88.285520077
94261 78.972556114
94359 76.656559944
94359 82.52183795
94359 77.454617977
94359 74.603224993
96781 72.547798157
98013 105.337144136
98139 79.387899876
98139 77.671734095
98139 73.992926121
99707 107.68610096
101275 90.856608868
103011 75.25779295
105167 89.608996868
106945 76.258307934
107967 115.944974184
110123 92.100751162
110123 92.68087101
110235 83.158186913
110571 94.932198048
110571 98.713442802
110571 92.554647923
113189 95.826368093
114225 97.194998026
118341 94.734217882
118341 97.84829092
138123 104.020886898
139103 123.152530909
142757 155.375437975
156169 126.881782055
159949 142.752833843
162889 193.197622776
166403 158.018600941
169763 145.959486961
172479 174.139658928
179997 190.731961966
186451 160.463645935
192891 242.938843012
211119 192.476685047
223719 259.165225029
268183 306.905323982
269555 345.96594286
278585 417.646548986
358595 550.000340939
