195 0.032730818
363 0.035141945
475 0.07052207
531 0.05577302
559 0.061314106
559 0.078355074
559 0.059468031
587 0.073071003
727 0.087170124
741 0.097016096
797 0.083132982
797 0.127458096
825 0.103078127
853 0.068813086
881 0.108659983
1007 0.133500099
1203 0.192668915
1231 0.200814962
1259 0.180216074
1455 0.219428062
1511 0.23488903
1665 0.313899994
1931 0.370979071
1959 0.37337184
2113 0.441067934
2169 0.412204981
2169 0.33641696
2225 0.476475
2631 0.551240921
2841 0.525866985
3443 0.821223974
3499 1.059558868
3611 0.914983988
3695 1.138528109
3737 1.089370012
3821 1.107614994
4017 1.016271114
4199 1.191415071
4255 1.3352561
4297 1.234070063
4353 1.41147995
4815 1.746492147
5081 1.59194088
5193 1.854784966
5403 1.963610888
5529 1.639622927
5949 2.82655406
6313 2.599128962
6481 2.848946095
6537 2.640273094
6817 2.513958931
6873 2.694833994
6915 2.98025012
7069 2.917506933
7195 3.740231037
7461 3.213380098
7825 4.538702965
7923 3.708583832
7937 4.337538004
7937 3.876407862
8035 4.002034187
8119 3.820736885
8175 4.037717104
8259 4.003971815
8595 3.974663019
8833 4.29651618
8847 4.152719021
9253 4.537711143
9337 4.414047956
9379 4.354148865
9435 5.027141809
9505 4.770246983
9659 4.399925947
9715 4.347795963
9827 4.732295036
10247 5.354959011
10555 5.264043093
10765 6.259910107
11003 5.787795067
11045 5.466861963
11143 6.017282009
11143 5.753055811
11227 5.999080896
11227 5.75005579
11437 6.086284161
11591 6.020337105
11843 7.931725979
11927 6.174659967
12151 6.338824034
12151 6.328130007
12165 6.616309881
12767 6.846992016
12809 10.357644081
12809 7.391698837
12963 7.918071985
12963 7.658523798
12963 9.721112967
13271 7.016080141
13341 7.623131037
13649 9.086856127
13691 8.619534969
13943 8.150918007
14209 9.969007969
14307 8.231451035
14531 12.286226988
15119 10.195155144
15175 9.645749092
15245 10.414745092
15413 10.496613979
15511 11.37062788
16015 13.104748964
16141 14.042568922
17345 15.819345951
17555 11.991897106
17709 11.351643085
17821 11.957234144
18325 16.075384855
18549 14.178691149
19347 18.368566036
20943 15.959383011
21125 19.963737965
21839 19.128174067
22021 14.388550997
22035 17.60038805
22189 16.253859997
22511 19.882606983
22539 18.116050959
22833 14.980487108
23043 19.487238169
23085 21.178241968
23337 18.449517965
23421 18.912979841
23743 19.855650902
24331 18.416630983
24877 24.052081108
25087 25.825541019
25115 21.337706089
25115 27.561949015
25339 19.444323063
25479 26.473330021
25591 28.738587141
25815 27.477190018
30323 27.848244905
30323 37.419142008
30365 26.445092201
31023 23.778439045
31485 30.544242144
32311 27.391553879
32829 34.581208944
32913 28.027565002
33221 26.080857038
33837 44.058314085
33893 31.134413004
34047 36.817655802
34201 29.436615944
34845 27.115453005
35419 40.356949091
36539 32.517861128
37435 35.21111393
37505 29.385644913
37645 34.582187891
37743 35.169763088
39759 40.677557945
41327 44.931577921
41621 48.682947874
41901 36.130911827
42055 36.492641926
42111 31.820811033
42503 34.221069813
43217 38.433501005
43217 38.756425142
43581 40.433535814
45191 32.054035902
45219 31.677098036
46143 31.899006128
49447 49.619749069
50217 35.118303061
51001 39.048115969
51211 36.438380957
51211 46.049049854
52121 41.749357939
52233 45.500029087
52569 39.74990201
52905 37.444097042
54487 40.731929064
62327 55.987146139
70573 76.172711849
75221 73.001716852
75585 65.439828157
78007 84.856372118
79939 82.318487883
85273 85.151994944
86309 79.15870595
87583 78.122765064
87961 78.401317835
90621 89.373910189
90621 89.502307892
91167 96.498117924
91167 115.746122122
91167 93.299132109
91167 86.84884119
92007 96.614008188
94261 93.129358053
94359 97.748157024
94359 100.738277912
94359 89.21901083
94359 93.148925066
96781 104.142534971
98013 100.954550982
98139 101.073677063
98139 94.912632227
98139 93.588762999
99707 105.240215063
101275 99.509529829
103011 97.76453805
105167 103.779124022
106945 104.189323187
107967 114.846091986
110123 117.254763842
110123 112.330235958
110235 105.038236141
110571 121.440051079
110571 113.582404137
110571 115.970099926
113189 118.081629038
114225 123.973281145
118341 124.774514914
118341 130.309532881
138123 145.53643322
139103 164.617082119
142757 168.345875025
156169 189.00231719
159949 227.112227201
162889 232.775943995
166403 244.354302883
169763 214.046149969
172479 239.874526978
179997 243.686925173
186451 221.928046227
192891 283.054443121
211119 298.108351946
223719 321.716669083
268183 459.07230401
269555 461.424998999
278585 497.650219917
358595 778.62932992
