195 0.026982069
363 0.044701099
475 0.103959084
531 0.111198902
559 0.127646923
559 0.092985868
559 0.136641979
587 0.139273882
727 0.199596882
741 0.212295055
797 0.193280935
797 0.244745016
825 0.238332033
853 0.233838797
881 0.254261971
1007 0.365025043
1203 0.336256027
1231 0.383534193
1259 0.484735012
1455 0.480956078
1511 0.523008823
1665 0.482298136
1931 0.736477137
1959 0.619848967
2113 0.728545189
2169 0.715265036
2169 0.709815979
2225 1.098319769
2631 0.966289043
2841 1.094574213
3443 1.303467035
3499 1.39350009
3611 1.785347939
3695 1.716249943
3737 2.410167933
3821 2.280710936
4017 2.087649107
4199 2.553920984
4255 2.260082006
4297 2.16125989
4353 2.613673925
4815 3.233066797
5081 3.011496067
5193 4.084494114
5403 3.884222984
5529 3.684258938
5949 4.493327856
6313 5.125383854
6481 4.64794302
6537 5.183809042
6817 5.722245932
6873 5.458724976
6915 5.426810026
7069 5.095318079
7195 6.131211042
7461 7.144940138
7825 6.801352024
7923 7.051525116
7937 7.611188173
7937 7.135849953
8035 6.901410818
8119 7.057008028
8175 7.660927057
8259 8.878075123
8595 7.35727191
8833 9.389616966
8847 8.778776884
9253 8.841830015
9337 10.183861017
9379 9.449455023
9435 8.920527935
9505 9.351233006
9659 10.440393925
9715 10.269186974
9827 11.603080988
10247 10.601089001
10555 13.052411079
10765 12.445280075
11003 10.925369024
11045 11.896746159
11143 13.979017973
11143 14.746542931
11227 13.925553083
11227 13.659175158
11437 13.135225058
11591 12.295686007
11843 13.921931028
11927 14.688745975
12151 14.929476023
12151 14.371906042
12165 15.364710093
12767 16.570608854
12809 16.576817989
12809 16.767836094
12963 16.913251877
12963 18.25080514
12963 17.686732054
13271 16.358237028
13341 17.499928951
13649 18.178806067
13691 16.868741035
13943 19.268445969
14209 21.55518198
14307 20.105938196
14531 22.413467169
15119 21.209849119
15175 23.254662037
15245 22.984817982
15413 20.376950026
15511 23.680793047
16015 25.595122814
16141 22.927051067
17345 29.462931156
17555 33.557082891
17709 30.295205832
17821 28.807452917
18325 33.492732048
18549 31.305459023
19347 37.150768995
20943 44.316900969
21125 41.922518969
21839 46.332842827
22021 41.249869823
22035 42.07863903
22189 42.207347155
22511 52.149312019
22539 52.998381138
22833 45.395066023
23043 43.494636059
23085 52.741817951
23337 46.440991879
23421 45.298616886
23743 49.662924051
24331 47.284269094
24877 57.242027998
25087 72.147778034
25115 56.267549038
25115 54.760375977
25339 55.67602396
25479 62.996600866
25591 73.946696043
25815 59.670943022
30323 91.522607088
30323 78.370699883
30365 80.585067034
31023 81.694181919
31485 89.781662941
32311 83.951384783
32829 120.306578159
32913 90.071403027
33221 110.966000795
33837 102.793451786
33893 100.775215149
34047 98.378618002
34201 114.993246078
34845 113.950428963
35419 117.05580616
36539 127.271584988
37435 128.83612299
37505 118.357800007
37645 115.570777893
37743 124.034192085
39759 134.30984807
41327 145.396327019
41621 158.086742878
41901 138.826611042
42055 150.942274094
42111 142.226788998
42503 157.609851837
43217 160.536261082
43217 158.552930117
43581 151.400240898
45191 186.323180914
45219 189.801082134
46143 187.414596081
49447 201.479460955
50217 201.576278925
51001 205.415034056
51211 188.757717133
51211 237.73727107
52121 231.208732843
52233 249.603790998
52569 205.323133945
52905 256.40022707
54487 227.764076948
62327 327.673938036
70573 439.774459124
75221 465.0549891
75585 421.054977179
78007 514.659617186
79939 488.760699987
85273 544.066540003
86309 512.169028044
87583 498.103713989
87961 536.937009096
90621 649.744699955
90621 637.637919903
91167 644.131829023
91167 672.851722956
91167 661.045463085
91167 613.090527058
92007 627.857824087
94261 627.393151045
94359 671.172199965
94359 656.722627163
94359 632.212812185
94359 638.083410025
96781 700.131745815
98013 643.074425936
98139 686.860224009
98139 686.626247168
98139 680.587352991
99707 703.551133156
101275 728.785145998
103011 728.194067001
105167 714.813004017
106945 792.654334068
107967 725.926640987
110123 888.80884409
110123 789.775173903
110235 826.852082968
110571 849.762798071
110571 853.416800976
110571 859.431514025
113189 801.870079041
114225 859.759588003
118341 929.859205961
118341 893.43453002
138123 1074.17043495
139103 965.607903004
142757 1070.91944194
156169 1247.83674002
159949 1396.68695593
162889 1205.84442997
166403 1297.02714896
169763 1292.75053501
172479 1361.21769404
179997 1319.02541685
186451 1386.46034384
192891 1449.98696303
211119 1788.25129795
223719 1786.85344195
268183 2340.81875491
269555 2212.87077403
278585 2400.12561321
358595 3923.2350471
489775 5967.48053503
565571 7800.42071414
