195 0.005936861
363 0.016677141
475 0.028447866
531 0.024732113
559 0.027132034
559 0.024878025
559 0.024731874
587 0.02719903
727 0.035554886
741 0.043199062
797 0.04343605
797 0.035557985
825 0.039560795
853 0.040008068
881 0.04232502
1007 0.05222702
1203 0.045585871
1231 0.050361872
1259 0.055624008
1455 0.052700996
1511 0.048448086
1665 0.092460871
1931 0.08035183
1959 0.059383869
2113 0.066859007
2169 0.082969904
2169 0.081197023
2225 0.094979048
2631 0.090142965
2841 0.104249001
3443 0.174208879
3499 0.12148881
3611 0.131351948
3695 0.144151926
3737 0.152574062
3821 0.152303934
4017 0.244977951
4199 0.227713108
4255 0.166232109
4297 0.174445868
4353 0.197554827
4815 0.2563622
5081 0.177416086
5193 0.249853134
5403 0.245739222
5529 0.281892061
5949 0.327783823
6313 0.248319149
6481 0.224824905
6537 0.271718979
6817 0.31220293
6873 0.30042696
6915 0.299151182
7069 0.426286936
7195 0.275262833
7461 0.325333834
7825 0.346302032
7923 0.396067142
7937 0.407682896
7937 0.439227819
8035 0.324347973
8119 0.36978507
8175 0.446344852
8259 0.436923027
8595 0.286951065
8833 0.488584042
8847 0.372965097
9253 0.410746098
9337 0.349615097
9379 0.360286951
9435 0.343379974
9505 0.408771992
9659 0.478353977
9715 0.449923038
9827 0.62658906
10247 0.455965042
10555 0.5627141
10765 0.459430933
11003 0.642848015
11045 0.588262081
11143 0.640031099
11143 0.673554897
11227 0.783807993
11227 0.662062883
11437 0.493546009
11591 0.434780836
11843 0.631031036
11927 0.622131109
12151 0.721238136
12151 0.706575155
12165 0.656489134
12767 0.624572039
12809 0.724443197
12809 0.668416977
12963 0.583317995
12963 0.624068022
12963 0.632732153
13271 0.714040041
13341 0.699341059
13649 0.57784605
13691 0.506705046
13943 0.803536892
14209 0.921149015
14307 0.703685999
14531 0.779995918
15119 0.842064857
15175 0.793365955
15245 0.815105915
15413 0.747614861
15511 0.763087034
16015 0.726475
16141 0.854295015
17345 1.085035086
17555 0.881097078
17709 0.878638029
17821 0.89891696
18325 1.551533937
18549 0.964764118
19347 1.057922125
20943 1.505537033
21125 1.123934984
21839 1.110754013
22021 0.967834949
22035 1.097438812
22189 0.969594002
22511 1.699416876
22539 1.565165043
22833 1.510100842
23043 1.042597055
23085 1.452203989
23337 1.054280043
23421 1.013679028
23743 1.494946957
24331 1.287008047
24877 1.615516901
25087 1.932592869
25115 1.922595978
25115 1.122445107
25339 1.442334175
25479 1.527924061
25591 1.985807896
25815 1.930699825
30323 2.573289156
30323 2.08987093
30365 1.527514935
31023 1.669397116
31485 2.373571873
32311 1.735259056
32829 2.825416088
32913 2.169964075
33221 2.936246157
33837 2.535941124
33893 2.432649851
34047 2.413019896
34201 2.82102108
34845 2.473752022
35419 1.958595037
36539 2.739974022
37435 1.858880997
37505 2.12482214
37645 2.66000104
37743 2.300233126
39759 2.481730938
41327 2.953797102
41621 3.509933949
41901 2.763367891
42055 3.30103898
42111 2.544188976
42503 3.803637981
43217 3.999449015
43217 3.666092873
43581 3.227365017
45191 4.363256931
45219 3.171376944
46143 4.181816101
49447 3.783351898
50217 4.63927412
51001 3.188210011
51211 2.860301971
51211 4.350625038
52121 3.971238852
52233 4.708631992
52569 3.057986975
52905 5.247956991
54487 3.061630964
62327 5.949668169
70573 8.117156029
75221 7.565374136
75585 4.491367817
78007 9.808201075
79939 6.020442963
85273 9.618135929
86309 6.148519993
87583 4.835227966
87961 5.380455017
90621 7.046715021
90621 7.875643015
91167 8.822559834
91167 7.893718958
91167 9.58018899
91167 6.907991886
92007 6.851406813
94261 8.064502001
94359 7.316104889
94359 8.509692907
94359 12.41920495
94359 7.951899052
96781 7.934853077
98013 6.038602114
98139 7.515985012
98139 8.154822826
98139 7.154150009
99707 6.28312993
101275 7.558939934
103011 7.589664936
105167 6.275444984
106945 7.989621878
107967 5.112519026
110123 9.370440006
110123 7.291769028
110235 7.93855381
110571 6.083034039
110571 8.24136591
110571 9.093038082
113189 7.53231287
114225 8.849612951
118341 7.197227001
118341 7.46715498
138123 8.028675079
139103 12.076713085
142757 6.328355074
156169 16.276046991
159949 17.215463161
162889 13.581238985
166403 10.781050205
169763 9.357031107
172479 11.117696047
179997 8.49541688
186451 14.35790801
192891 10.108310938
211119 16.995733023
223719 13.660748959
268183 14.758955956
269555 13.022855043
278585 12.604964018
358595 16.003055096
489775 17.910778046
565571 23.227813005
