195 0.013581038
363 0.021070004
475 0.037201881
531 0.035349846
559 0.034350872
559 0.027585983
559 0.038048983
587 0.032234907
727 0.051470995
741 0.040529966
797 0.032781839
797 0.038929939
825 0.032049894
853 0.047240019
881 0.032476187
1007 0.054754019
1203 0.093662024
1231 0.063289881
1259 0.047936916
1455 0.111544847
1511 0.066605806
1665 0.069318056
1931 0.083215952
1959 0.091619968
2113 0.089996099
2169 0.111792088
2169 0.121171951
2225 0.201174021
2631 0.118519068
2841 0.149289131
3443 0.164201021
3499 0.167969942
3611 0.208077908
3695 0.222025871
3737 0.21440506
3821 0.2086761
4017 0.201494932
4199 0.243722916
4255 0.250273943
4297 0.200212955
4353 0.292869091
4815 0.274167061
5081 0.334594965
5193 0.371299028
5403 0.388176203
5529 0.395334959
5949 0.408353806
6313 0.414963007
6481 0.418608904
6537 0.37432909
6817 0.469959021
6873 0.517655134
6915 0.541821003
7069 0.488010883
7195 0.455003023
7461 0.437158108
7825 0.692688942
7923 0.519832134
7937 0.602113008
7937 0.591310024
8035 0.552454948
8119 0.721125841
8175 0.561702013
8259 0.575079918
8595 0.551211119
8833 0.666854143
8847 0.562660933
9253 0.592483997
9337 0.599197865
9379 0.642390966
9435 0.591617107
9505 0.664685011
9659 0.697607994
9715 0.730334044
9827 0.741451979
10247 0.685194016
10555 0.804766893
10765 0.72438097
11003 0.71342802
11045 0.856825113
11143 0.905036926
11143 0.86087513
11227 0.886205912
11227 0.984416008
11437 0.899718046
11591 0.7468431
11843 0.887728214
11927 0.891222954
12151 0.820194006
12151 0.877519131
12165 0.942744017
12767 1.069194078
12809 1.091304064
12809 1.025797129
12963 1.055115938
12963 0.877506018
12963 0.80471611
13271 1.122350931
13341 1.084696054
13649 1.056000948
13691 0.949425936
13943 1.018723011
14209 1.225816965
14307 1.089118958
14531 1.160593987
15119 1.214319944
15175 1.239647865
15245 1.22658205
15413 1.132320881
15511 1.286791086
16015 1.157927036
16141 1.36552
17345 1.600289106
17555 1.423416853
17709 1.478420019
17821 1.384883881
18325 1.589569092
18549 1.456340075
19347 2.032655001
20943 2.118201017
21125 2.082602024
21839 1.938826084
22021 1.666407824
22035 2.117311954
22189 1.635270119
22511 2.491768122
22539 2.146023035
22833 2.37796402
23043 1.775615931
23085 2.426017046
23337 1.795107126
23421 1.852919817
23743 2.854048967
24331 2.308747053
24877 3.046976089
25087 2.419289112
25115 2.769595861
25115 2.014318943
25339 1.868697166
25479 2.555293798
25591 2.784760952
25815 2.451547861
30323 3.126764059
30323 2.942535877
30365 2.32968998
31023 2.246948957
31485 3.516959906
32311 3.062800169
32829 3.645029068
32913 3.531975985
33221 3.865082979
33837 3.653435946
33893 3.442265987
34047 3.247443914
34201 3.396619081
34845 3.545969963
35419 3.068200111
36539 4.494857073
37435 2.531706095
37505 2.665303946
37645 3.013234138
37743 5.644667864
39759 4.28513813
41327 4.026095867
41621 3.773434877
41901 6.634924173
42055 3.9622159
42111 4.705869913
42503 5.451461077
43217 6.196386099
43217 4.468093872
43581 4.429203987
45191 5.1875
45219 5.664712906
46143 4.422053099
49447 4.663609028
50217 4.890452862
51001 4.057120085
51211 4.065359116
51211 5.089851141
52121 3.935609818
52233 7.709702015
52569 3.682841063
52905 4.831509113
54487 4.164849997
62327 4.266882896
70573 7.038873911
75221 6.218109131
75585 3.533600092
78007 6.344789982
79939 4.705744982
85273 6.533411026
86309 5.028647184
87583 4.953269005
87961 4.653663874
90621 8.211611032
90621 7.185698032
91167 7.332631111
91167 7.958927155
91167 6.874225855
91167 6.811708927
92007 6.15566802
94261 7.511385918
94359 7.159697771
94359 7.650756836
94359 7.279716969
94359 7.13919282
96781 14.288786888
98013 5.728608131
98139 7.675537109
98139 8.069056988
98139 7.390280008
99707 6.069984913
101275 7.095086098
103011 13.880493164
105167 6.617861032
106945 8.775269985
107967 7.990616798
110123 11.024035931
110123 9.389189959
110235 9.148591995
110571 9.169859886
110571 9.193546057
110571 8.226091146
113189 9.034396172
114225 9.176711082
118341 10.074883938
118341 9.655339956
138123 10.956043959
139103 13.209873915
142757 8.284169912
156169 12.416042089
159949 14.748552084
162889 11.186851025
166403 13.140567064
169763 17.581647873
172479 12.253644943
179997 10.203058004
186451 15.121710062
192891 13.228506088
211119 16.484869003
223719 13.801160097
268183 18.455319881
269555 16.376524925
278585 16.024953842
358595 28.850288153
489775 27.987870932
