195 0.051020145
363 0.069777966
475 0.131841898
531 0.113929033
559 0.118782997
559 0.110924959
559 0.114598036
587 0.160140991
727 0.163295031
741 0.171211004
797 0.175889015
797 0.205929041
825 0.206216097
853 0.178377151
881 0.231801987
1007 0.329133987
1203 0.339988947
1231 0.397325993
1259 0.315133095
1455 0.412946939
1511 0.485551834
1665 0.538691998
1931 0.783522844
1959 0.628191948
2113 0.736921072
2169 0.689926863
2169 0.754890203
2225 0.828125954
2631 1.099586964
2841 1.412864208
3443 1.494612932
3499 1.681278944
3611 1.691622972
3695 2.013837814
3737 2.136157036
3821 1.796746016
4017 2.079005003
4199 2.407118082
4255 2.203594923
4297 2.306148052
4353 2.457331896
4815 3.593312025
5081 3.382968903
5193 3.547679901
5403 3.338589907
5529 3.426488876
5949 5.309473991
6313 4.423242092
6481 5.552515984
6537 4.740478039
6817 4.959462881
6873 5.925857067
6915 6.213741064
7069 5.377756834
7195 5.412950039
7461 5.721529007
7825 6.133867979
7923 6.326246023
7937 7.414261103
7937 5.812041044
8035 7.614014864
8119 8.151098013
8175 6.462101936
8259 7.80719614
8595 7.233218908
8833 7.987609863
8847 7.080391884
9253 8.254343033
9337 8.150367022
9379 8.824354887
9435 9.143436193
9505 9.297812939
9659 8.580857038
9715 8.531996012
9827 9.145308018
10247 9.644612789
10555 9.933626175
10765 10.998425007
11003 9.849922895
11045 10.631876945
11143 9.960729837
11143 9.945676088
11227 10.69232583
11227 10.178730011
11437 12.2887609
11591 13.893073082
11843 13.849291086
11927 11.212924004
12151 12.270769119
12151 11.847121
12165 12.495953083
12767 12.587898016
12809 17.346271038
12809 13.055989027
12963 15.513123035
12963 13.235510111
12963 16.421600819
13271 13.381582022
13341 15.935250998
13649 20.153594017
13691 15.734975815
13943 16.033041
14209 17.103703022
14307 16.204824924
14531 17.449393988
15119 18.102730989
15175 18.815616131
15245 20.839685917
15413 19.251507998
15511 21.773677826
16015 23.233999968
16141 19.888067961
17345 23.829272032
17555 21.005203009
17709 22.285130024
17821 21.707490921
18325 22.439789057
18549 30.241252899
19347 27.697296143
20943 27.471982956
21125 33.621103048
21839 31.000332832
22021 31.647821188
22035 36.349862099
22189 29.231189966
22511 37.395979881
22539 30.347997904
22833 28.700835943
23043 37.119597912
23085 37.666460037
23337 33.874960899
23421 34.724812031
23743 35.941720963
24331 34.598689079
24877 50.670422077
25087 45.761259079
25115 38.813567877
25115 46.676698923
25339 38.625609159
25479 43.733057976
25591 46.182753801
25815 51.655736923
30323 49.127661943
30323 75.930597067
30365 42.346169949
31023 61.959918976
31485 46.816967964
32311 60.368706942
32829 58.719388962
32913 51.376443148
33221 48.981174946
33837 78.567563057
33893 57.336768866
34047 69.995404005
34201 48.832345963
34845 51.188166142
35419 74.764486074
36539 59.736917973
37435 71.657069921
37505 58.968742847
37645 70.772557974
37743 56.14691186
39759 60.259914875
41327 70.134913921
41621 71.684252977
41901 65.893770933
42055 44.954658985
42111 68.939131975
42503 67.635215044
43217 94.246662855
43217 63.310113192
43581 74.368883133
45191 60.668708086
45219 64.357287884
46143 55.408850908
49447 72.262549162
50217 92.6847229
51001 115.067027807
51211 66.22786808
51211 73.424332142
52121 83.93068099
52233 99.583312988
52569 82.257139921
52905 65.278973818
54487 95.388126135
62327 84.213925123
70573 125.886166096
75221 137.413279057
75585 111.928662062
78007 125.458555937
79939 133.295942068
85273 136.663513899
86309 144.743330002
87583 133.927939892
87961 143.645728111
90621 173.566184998
90621 159.893759966
91167 184.551074028
91167 241.394514084
91167 151.36068511
91167 142.48953104
92007 164.72497201
94261 164.212352991
94359 164.46449399
94359 164.945505142
94359 154.502975941
94359 143.92343998
96781 171.387699842
98013 165.84085083
98139 182.591012955
98139 165.679158926
98139 163.033854008
99707 186.989208937
101275 172.129939079
103011 162.941611052
105167 182.080901861
106945 172.29007411
107967 195.164329052
110123 185.354641199
110123 176.230454922
110235 174.524632931
110571 182.271188021
110571 181.571231842
110571 182.887854099
113189 186.651316881
114225 183.673073053
118341 197.208902121
118341 195.615077019
138123 230.626663208
139103 237.729885101
142757 260.073507071
156169 282.006437063
159949 328.004465103
162889 331.182528973
166403 356.908390999
169763 306.506217957
172479 351.199375153
179997 390.702739
186451 351.58821106
192891 411.981611013
211119 459.930995941
223719 519.213804007
268183 719.179611921
269555 704.228437901
278585 801.021408796
358595 1221.095644
