195 0.004621029
363 0.005082846
475 0.008350849
531 0.006256104
559 0.006391048
559 0.006093979
559 0.006558895
587 0.008072138
727 0.009340048
741 0.010656118
797 0.009023905
797 0.012202978
825 0.009038925
853 0.007935047
881 0.00988102
1007 0.014862061
1203 0.01403904
1231 0.016395092
1259 0.012207985
1455 0.017143011
1511 0.016983986
1665 0.02157402
1931 0.024857044
1959 0.021719217
2113 0.026320934
2169 0.026722193
2169 0.025206804
2225 0.027489901
2631 0.03123498
2841 0.018965006
3443 0.048500061
3499 0.055438995
3611 0.05218792
3695 0.0510571
3737 0.048933029
3821 0.049904108
4017 0.053114891
4199 0.054812908
4255 0.057414055
4297 0.059228897
4353 0.062293053
4815 0.091067791
5081 0.067363977
5193 0.08532691
5403 0.079437971
5529 0.075166941
5949 0.093580961
6313 0.09294486
6481 0.090162992
6537 0.086536884
6817 0.087245941
6873 0.093626976
6915 0.110059977
7069 0.112650156
7195 0.141721964
7461 0.106085062
7825 0.15745616
7923 0.112928867
7937 0.140220165
7937 0.144577026
8035 0.126884937
8119 0.141400099
8175 0.144681931
8259 0.125766039
8595 0.122545958
8833 0.143141031
8847 0.134315968
9253 0.139566183
9337 0.13223815
9379 0.132153988
9435 0.13978982
9505 0.133675098
9659 0.150943995
9715 0.135730028
9827 0.160969973
10247 0.16683197
10555 0.164432049
10765 0.150162935
11003 0.238502979
11045 0.2003479
11143 0.191451073
11143 0.19107008
11227 0.184568167
11227 0.196605921
11437 0.179714918
11591 0.172556877
11843 0.226553917
11927 0.195230961
12151 0.21775198
12151 0.231486082
12165 0.213306904
12767 0.190816879
12809 0.310802937
12809 0.217315912
12963 0.195315123
12963 0.196516037
12963 0.267329216
13271 0.244398117
13341 0.32751298
13649 0.208353996
13691 0.201730967
13943 0.217994928
14209 0.262434959
14307 0.213548183
14531 0.316794157
15119 0.230777025
15175 0.249478102
15245 0.347918034
15413 0.279453039
15511 0.280025005
16015 0.261251926
16141 0.302094936
17345 0.410426855
17555 0.222306013
17709 0.299365997
17821 0.286610126
18325 0.392500877
18549 0.411942005
19347 0.39922905
20943 0.43404007
21125 0.266924858
21839 0.438856125
22021 0.289896011
22035 0.421944141
22189 0.227437973
22511 0.323290825
22539 0.385638952
22833 0.408354998
23043 0.340896845
23085 0.477260828
23337 0.373892069
23421 0.443729877
23743 0.401369095
24331 0.524657011
24877 0.551031113
25087 0.861711025
25115 0.478828907
25115 0.456219912
25339 0.427249908
25479 0.41859889
25591 0.612424135
25815 0.820474148
30323 0.433293819
30323 0.692018986
30365 0.445080042
31023 0.357974052
31485 0.406422138
32311 0.55192709
32829 0.582335949
32913 0.641241074
33221 0.586418867
33837 1.115296125
33893 0.593739033
34047 0.785643816
34201 0.582473993
34845 0.411841869
35419 0.645473003
36539 0.447772026
37435 0.559001923
37505 0.567210913
37645 0.587574005
37743 0.57928586
39759 0.46006608
41327 0.791576862
41621 0.53569603
41901 0.610681057
42055 0.429646969
42111 0.444100857
42503 0.814644098
43217 1.044703007
43217 0.530027866
43581 0.600833893
45191 0.563497066
45219 0.536805153
46143 0.572998047
49447 0.740314007
50217 0.604453087
51001 0.536231041
51211 0.500558138
51211 0.598410845
52121 0.550383091
52233 0.69758296
52569 0.512136936
52905 0.548728943
54487 0.627630949
62327 0.724087954
70573 0.965097189
75221 1.009096146
75585 0.712487936
78007 1.134867191
79939 0.905092955
85273 0.965962172
86309 0.913230181
87583 1.162550926
87961 0.96732378
90621 1.400211096
90621 1.047770023
91167 1.225648165
91167 1.355830908
91167 1.090497971
91167 1.073869944
92007 1.02858901
94261 1.107954025
94359 1.116062164
94359 1.146752834
94359 1.121737957
94359 1.099338055
96781 1.26591301
98013 0.951042891
98139 1.184376955
98139 1.076522827
98139 1.090914965
99707 1.05143714
101275 1.270699024
103011 1.119251013
105167 1.018378019
106945 1.161132812
107967 1.016282082
110123 1.468670845
110123 1.210823059
110235 1.118739843
110571 1.207583904
110571 1.443796873
110571 1.202185154
113189 1.375995874
114225 1.436127186
118341 1.347536802
118341 1.343034029
138123 1.610786915
139103 1.79510808
142757 1.38051486
156169 1.843369007
159949 2.266818047
162889 1.974993944
166403 2.181276083
169763 1.957581043
172479 2.120959997
179997 2.071497202
186451 2.437628031
192891 2.230483055
211119 2.607928038
223719 2.652172089
268183 4.359499931
269555 3.414314985
278585 3.627218008
358595 5.414367914
